002645
002139
001346
002134
000183
000124
001608
002579
001135
002787
001234
001128
000252
001051
001213
002329
000364
000086
000156
001443
001539
000931
002774
000142
000201
000438
000073
001535
001156
002249
000610
002440
000424
000763
002731
000218
001138
001407
000184
002788
002036
002006
002005
001898
000949
000977
001707
002698
002125
002648
001612
001348
000388
000092
001306
000698
002131
000401
001902
000629
002319
001174
002152
001102
000431
002490
002738
000505
002082
001161
002177
002583
001343
001597
000646
002504
002194
002520
000471
001900
001455
001123
000569
002826
000738
001185
001380
002268
002763
000669
000770
002382
002258
000941
002633
000477
002789
000432
002589
000374
001876
001811
000907
000668
001775
001883
000749
000950
001399
002178
001253
001375
002179
002561
002183
001413
001607
001137
002457
001907
001033
000350
002559
000546
002033
001002
001849
001333
000223
000534
002031
000918
002795
000703
002630
002784
001536
001283
002154
002835
002717
002468
001053
000037
001960
001771
002550
000150
000295
001581
002331
002563
002174
000872
002555
000237
000320
001119
000864
001415
002090
002047
001325
002062
000392
001695
001627
001026
001694
000594
002064
001565
001290
001313
000415
000225
000497
002201
001164
002401
000232
002148
001432
001496
002266
002592
002107
002631
002467
000674
002459
001189
000739
000650
000275
002518
002326
002231
001645
000579
000841
001944
000428
002303
002304
002141
000338
002664
001760
002309
002822
001715
001048
001092
002782
000315
000705
001843
002385
000035
000974
002477
001338
001739
002100
002257
001958
002447
001516
000952
001311
001871
002207
000012
000529
001467
002012
001797
000001
000210
000066
001726
000853
002735
001067
000913
000489
000854
000540
002469
000616
002566
002492
001740
000807
002305
002716
000367
000991
000467
002472
001753
001271
002471
001504
000833
002204
000399
001914
000339
002146
002719
002778
000710
001714
000583
000776
001899
002370
001498
002639
002273
002595
001741
001646
002841
001674
001469
000189
001602
002369
001420
001485
002713
002832
002593
001587
002582
001460
001751
002352
000712
001473
001703
000983
001200
000804
000937
000229
002597
000197
000628
000004
001108
000820
002806
000072
002530
000891
001896
002421
001170
002493
001663
002158
001037
000365
001537
000973
001856
002572
000008
002346
001888
002525
001401
001458
001842
001506
000862
000982
002558
001417
002498
000253
001258
002219
002400
001450
002024
001058
001047
002156
001096
002590
000005
002714
002610
000678
002609
000554
000019
000091
002280
001744
001857
001629
002829
000724
002798
002118
001462
001592
000822
002462
000423
002848
000334
001081
001007
000335
001126
000689
002680
002160
002696
000944
002388
000493
000368
000170
001709
002325
000737
000120
000538
000453
000533
000343
000026
001114
001370
002574
001580
001562
000056
001855
001818
002776
002823
000826
000276
001488
002366
001478
000967
000561
000723
000227
002804
000041
001699
001393
000022
000149
001791
001682
002389
000765
000777
001154
002014
002540
002092
000600
002287
002723
000679
002818
001384
002069
001254
001264
002532
001158
002420
002153
001226
000935
000555
000395
001996
001183
001576
000790
000740
001159
000099
001098
001965
000136
000692
001955
002422
001122
001064
002119
001499
002803
002384
000890
002193
000273
000917
001238
000728
000504
002724
001463
001519
002486
000971
000288
002358
000266
002126
002165
002659
001241
000873
000866
000447
002053
002111
001630
000799
000832
001897
000105
001774
001193
002752
001930
000161
002444
000010
000098
002768
001701
000744
001323
001457
001879
001292
002412
002275
002044
002739
002096
001925
002004
000028
000599
001192
001273
000888
000733
000018
002740
000535
000502
000553
001949
002035
000307
001906
001845
000827
000608
000144
000706
000153
002704
000691
002383
000342
001570
002460
000574
002137
002228
001604
002364
002656
000846
002594
002761
000955
002780
000615
001585
000122
001544
000462
001868
001340
000715
002615
002278
001620
002238
001464
000411
001089
000577
000413
000375
001603
002813
001288
002661
002570
000550
002371
000959
000507
001588
001720
000050
001764
001262
001901
000916
002085
000403
001543
000024
001055
001747
000603
002399
002274
002557
000609
001680
002189
002667
000855
002653
002623
000429
001980
000940
002058
000100
000145
001574
000714
000870
000769
002187
000986
000631
002830
001410
001676
000802
000134
002129
002500
002786
002040
000984
002066
001702
002474
001177
002181
000426
001243
001148
000062
000075
000465
002056
001970
001365
002108
001190
002808
001312
000643
001428
001800
002777
001111
002029
002741
000216
002751
002689
001167
000047
002253
002635
001424
002831
000346
000965
002446
000176
000805
000595
002451
001196
000657
000994
000096
001992
000839
000311
002642
001613
001546
001675
000957
001728
000257
002049
001319
002084
002155
000231
002279
002172
002180
002394
001444
001072
000886
000057
000515
000444
000730
002545
000602
002720
002408
002755
000353
000530
001829
001628
002839
001326
001932
001872
002629
001833
001595
002843
002730
001599
001049
000793
001817
001515
001438
000774
000133
000565
001561
000378
001641
001779
002533
000787
000506
000243
002350
002567
001425
002757
001688
002192
000179
002819
002151
000757
000729
001490
001808
002515
002232
002551
002032
000727
001369
001974
000328
001491
002569
000456
000731
000177
001586
001778
002482
000126
002048
000503
000711
001590
002166
002067
001391
001182
001372
001095
000121
000576
000956
000531
002742
002760
001076
002820
002753
001060
000286
001235
002745
002251
001075
001758
002794
001854
001147
001661
000845
000381
002811
001865
002101
001660
000620
000034
001282
000393
002368
000376
001971
002442
002632
001615
001552
000036
002651
000801
001392
001986
002001
002377
002445
001220
001038
001294
002663
002725
000416
002074
002195
001542
000059
001510
002502
001031
000446
002289
000979
001362
001524
000458
002407
001783
002392
000171
002318
001502
001697
002703
002345
002016
002241
002217
001022
002430
001061
002415
001056
002285
000843
000617
001314
001152
001493
001014
001993
001976
000274
000532
002769
000884
000510
000709
000509
001162
002342
000396
000451
002543
002511
002600
000377
000819
002736
001837
001090
001738
002102
002846
000800
001711
002086
002771
000196
001912
002773
002302
002785
000485
000557
000835
001666
001437
001103
001678
002665
001295
002127
001634
000958
000207
002510
001806
000998
001540
001461
001280
000139
000831
001571
002499
001874
001935
001691
000702
000798
001606
000180
001305
002479
000347
002748
000361
000046
000137
001722
000775
001626
000596
001575
001065
000644
001679
000751
002509
001153
001789
002398
000366
002357
001115
001453
002338
002809
000651
002538
000482
001359
000400
000021
002116
001560
000806
000520
002516
000539
000070
002340
001568
000088
000685
001809
001117
000427
000585
002052
000362
001997
002355
000440
002647
001252
001659
000248
002565
000528
001191
002602
000549
001821
002801
000927
000857
001010
000065
001966
000638
002186
000655
000430
000245
000049
001881
001322
000244
001765
000795
002402
000434
000541
001541
002145
001936
000562
002026
001404
000221
002643
002607
001975
000928
000011
001447
001451
002409
001848
001173
000079
002347
001205
000687
001520
002426
002091
001653
001712
001656
002159
000483
000766
002169
000812
000110
001908
000055
001210
000924
000455
001316
002834
000302
002529
002335
002586
002544
002448
001083
002265
001057
001459
002715
002381
000107
001669
002666
000409
000332
000858
002110
002135
000578
001658
001617
000754
001211
002003
002437
001799
000480
001194
000584
000910
000487
000747
001364
001792
001890
001999
000371
000333
002781
001121
001885
000690
001525
002248
002259
002584
002314
002423
002286
001268
001696
000394
002616
000700
002487
001547
002679
001508
000038
001232
001042
002842
000192
002697
000262
001476
000772
002692
001303
001259
000803
001962
000717
000290
002046
002055
000308
002013
000582
002413
000194
001685
001418
000686
002800
000693
000838
000794
001823
001983
000746
000326
001071
002291
002246
001978
000508
001619
000354
002218
000173
000704
000212
002037
000127
002458
001027
002625
000659
000386
000922
000085
001481
002276
002132
001039
001579
000158
000588
002076
000117
000078
001725
001862
001474
001677
001465
001922
000116
001651
000621
002296
002311
000140
000901
000310
002700
002465
001584
000920
001828
002483
002764
001979
000363
001640
000314
002043
000405
000525
000300
002075
001509
001475
000720
000716
002611
001045
002378
002018
001046
002396
000345
001933
002027
002150
000636
001652
002793
001074
001503
001207
001941
001486
000217
000895
002240
001446
002638
000352
001987
001959
000830
001344
001299
000856
000829
001175
000880
001180
000642
000160
002429
002514
000894
002641
001582
002455
002434
001145
002161
002405
001091
001749
000265
001605
001403
002599
001632
000246
002317
000593
000524
002214
002170
001435
002812
000016
000113
001841
000810
000452
000094
000632
001080
002121
001215
000581
000228
002077
002348
000234
002404
000442
002758
000849
001891
001639
002184
001671
002123
001982
000168
002432
001266
001672
000319
002517
000174
001222
002341
002254
000639
000758
002669
000699
002244
000860
000771
002113
002023
002779
000063
002501
002627
001835
001921
002367
001692
001943
000013
000719
002343
001832
001852
000370
002825
001826
001248
000054
002591
001317
001257
001274
001149
000879
000464
002353
000571
001591
002576
001371
000718
001426
000460
000988
002637
001523
002693
002461
001184
000213
002315
000640
001230
001782
001889
002225
000725
001793
001497
002216
001368
001151
001202
002250
002220
001470
000764
000198
001973
002327
000175
002617
000138
000972
000313
000767
001686
001363
001387
000875
000641
000195
002050
002380
000929
000695
002452
002072
002059
000881
000441
001130
001334
001963
002553
001507
002814
002770
001036
001533
002333
002506
002256
001566
002435
002089
001942
001297
001279
000564
001777
000135
002301
001246
001803
000166
000151
002196
001005
001807
001406
002508
000823
002673
001501
000064
001318
002756
002564
001068
001350
000089
002674
001554
001032
000926
002406
002560
001052
000742
002211
000976
002837
002224
001769
002481
000260
000108
000544
002840
002494
000664
002124
000488
000734
000031
001611
001968
002628
000226
000358
001820
001528
000267
002295
000568
001824
001221
000303
001831
000478
002191
002797
002491
002292
001737
002083
001157
000258
000499
000684
000104
000044
002691
002281
001315
000435
001358
001967
002670
000251
000389
001834
002536
000125
001964
002157
002009
000753
001956
000204
000743
000484
000911
002387
002734
002104
002270
000068
000573
001867
001261
002587
000203
001342
001830
001762
001489
001521
001819
002775
002658
001427
001522
001374
000760
002147
002097
000278
001101
001736
000200
001911
002535
000624
000077
000093
002376
000239
001934
001330
001920
001436
000951
001302
000130
001860
000454
001250
000672
001150
001269
002682
000966
001796
002222
002605
000761
001308
002247
001198
002519
002175
001995
002149
000755
001916
000254
001099
002020
001869
000809
001610
001759
002640
000814
002737
002712
001386
000463
001545
000289
000155
001988
002010
001929
001839
001609
002671
000527
000337
000559
001028
001708
000750
001105
000271
002098
000360
001851
001531
002765
001655
000185
000270
001500
000748
001187
000069
002636
001616
000633
002261
001324
002374
000199
002523
002542
002140
001351
001572
001477
001548
001389
000514
002336
000390
001304
000449
002164
001244
000472
001875
001794
000587
001018
001527
001242
002359
001790
001594
002480
001706
000017
000563
000811
001349
000045
002320
002418
000606
001178
000736
001798
000782
002061
000219
000990
002792
000408
000619
001768
001969
001414
002143
001309
000613
001204
000708
000905
000152
000324
001120
001388
002688
002833
001648
000020
001366
002239
000942
000521
001307
002109
000476
000294
001195
001020
000494
001400
001270
000784
001249
000162
001950
002063
000369
002144
001397
002099
001926
002397
000501
002328
000883
000768
002093
000601
000115
001631
000665
000095
002513
000614
001422
000341
000909
001815
002114
001298
001919
000202
000889
000186
002650
000466
000589
001402
002705
000481
000141
001265
000074
001109
002321
001556
001472
001284
000649
002453
002427
001382
001746
000673
001745
001977
001331
002687
001419
002652
000694
002505
001601
000962
002041
000317
002497
000840
000296
001480
000032
002057
001078
000205
000902
001731
002229
000680
001209
002475
000259
001917
001924
002185
001336
001825
001623
001360
000791
000781
001662
001853
002580
001526
002297
000090
000842
001589
001754
002726
002103
001172
002105
001429
002612
002313
000660
002416
000773
002283
001952
002042
000681
000707
000992
001104
002845
000305
001773
002330
001352
001188
002079
001716
002065
002675
002028
002039
001681
000548
001040
002019
000697
000850
001750
001618
001910
000566
000143
001770
000280
001801
001529
001041
001228
000391
002363
000297
002308
000936
000500
000968
002133
001710
000851
000560
001445
001043
000598
001468
002021
000316
002549
002007
002573
000946
002546
001724
002171
000191
000836
002163
000029
001129
002657
000325
002527
000491
002322
001247
001291
000060
002603
000993
001431
001804
000898
000590
000269
002288
002512
000417
002190
002783
001946
002017
002310
001550
001276
000741
002439
000385
002456
000847
000947
001112
002701
001347
002681
001690
001054
001772
000828
001583
002672
000663
000517
002547
002470
002390
000076
002847
001558
001667
000821
002403
002030
001015
001421
000844
000676
000330
002054
000215
002619
000658
000683
002038
002360
002034
002727
001008
002614
001301
002199
001199
000372
000570
001877
000906
001335
001063
002539
000359
001549
001563
000083
001181
000552
001683
002243
002424
000043
001948
002702
001179
001763
001713
001381
002707
002790
000053
000513
001237
000661
001505
000885
001822
000082
001225
002621
002528
001012
002762
001025
000558
001931
000825
002212
000623
001411
000960
000255
002759
000592
001887
001166
002433